GenderCode,(Multiple Items),,,,
,,,,,
Count of FirstName,Column Labels,,,,
Row Labels,HIGH,LOW,MED,VERY HIGH,Grand Total
BPC,11,30,51,16,108
CCDR,17,36,53,10,116
EW,12,24,52,11,99
MSC,10,27,60,9,106
NEL,14,24,56,6,100
PL,16,26,56,7,105
PYZ,16,33,49,10,108
SVG,13,26,44,13,96
TNS,12,31,52,4,99
WBL,17,23,56,5,101
Grand Total,138,280,529,91,1038
